   0.0000000000000000                       Infinity
  0.10000000000000001        0.0000000000000000     
  0.20000000000000001        0.0000000000000000     
  0.30000000000000004        0.0000000000000000     
  0.40000000000000002        0.0000000000000000     
  0.50000000000000000        0.0000000000000000     
  0.60000000000000009        0.0000000000000000     
  0.70000000000000007        0.0000000000000000     
  0.80000000000000004        0.0000000000000000     
  0.90000000000000002        0.0000000000000000     
   1.0000000000000000        0.0000000000000000     
   1.1000000000000001        0.0000000000000000     
   1.2000000000000002        0.0000000000000000     
   1.3000000000000000        0.0000000000000000     
   1.4000000000000001        0.0000000000000000     
   1.5000000000000000        4.9002514710474211E-002
   1.6000000000000001        5.6381652528837627     
   1.7000000000000002        0.0000000000000000     
   1.8000000000000000        0.0000000000000000     
   1.9000000000000001        0.0000000000000000     
   2.0000000000000000        0.0000000000000000     
   2.1000000000000001        0.0000000000000000     
   2.2000000000000002        3.6706906002379154     
   2.3000000000000003        4.7648712386236275E-002
   2.4000000000000004        0.0000000000000000     
   2.5000000000000000        0.0000000000000000     
   2.6000000000000001        0.0000000000000000     
   2.7000000000000002        0.0000000000000000     
   2.8000000000000003        0.0000000000000000     
   2.9000000000000004        0.0000000000000000     
   3.0000000000000000        0.0000000000000000     
   3.1000000000000001        0.0000000000000000     
   3.2000000000000002        2.8420525552124154     
   3.3000000000000003        0.0000000000000000     
   3.4000000000000004        0.0000000000000000     
   3.5000000000000000        6.7512492980214098E-002
   3.6000000000000001        4.4816469423868783     
   3.7000000000000002        0.0000000000000000     
   3.8000000000000003        0.0000000000000000     
   3.9000000000000004        0.0000000000000000     
   4.0000000000000000        0.0000000000000000     
   4.1000000000000005        0.0000000000000000     
   4.2000000000000002        0.0000000000000000     
   4.2999999999999998        0.0000000000000000     
   4.4000000000000004        0.0000000000000000     
   4.5000000000000000        1.8171379638165277     
   4.6000000000000005        1.7370699646489997E-003
   4.7000000000000002        0.0000000000000000     
   4.8000000000000007        1.8947017034749449     
   4.9000000000000004        0.0000000000000000     
   5.0000000000000000        8.4907194755674931E-002
   5.1000000000000005        3.1266052439696375     
   5.2000000000000002        0.0000000000000000     
   5.3000000000000007        0.0000000000000000     
   5.4000000000000004        0.0000000000000000     
   5.5000000000000000        0.0000000000000000     
